33333333333333333
33333333333333332.000000
33333333333333333
33333333333333332.000000
33333333333333333
33333333333333332.000000
33333333333333333
33333333333333332.000000
33333333333333333
33333333333333332.000000
33333333333333333
33333333333333332.000000
33333333333333333
33333333333333332.000000
33333333333333333
33333333333333332.000000
33333333333333333
33333333333333332.000000
33333333333333333
33333333333333332.000000
33333333333333333
33333333333333332.000000
33333333333333333
33333333333333332.000000
33333333333333333
33333333333333332.000000
33333333333333333
33333333333333332.000000
33333333333333333
33333333333333332.000000
33333333333333333
33333333333333332.000000
33333333333333333
33333333333333332.000000
33333333333333333
33333333333333332.000000
33333333333333333
33333333333333332.000000
33333333333333333
33333333333333332.000000
33333333333333333
33333333333333332.000000
